100
34 34
70 70
56 60
54 57
96 98
19 25
65 72
79 84
24 28
21 28
24 26
42 49
41 47
33 40
96 96
37 43
84 89
93 93
88 90
68 72
60 63
38 42
16 21
63 63
13 13
14 21
3 9
66 73
22 27
58 63
55 56
67 67
19 23
52 56
54 54
91 97
76 77
18 20
87 90
15 19
69 75
44 49
22 27
2 5
86 88
78 80
0 6
39 46
79 82
47 48
12 17
96 96
23 25
32 35
70 72
60 62
71 78
45 47
95 100
15 21
77 82
54 57
64 70
16 22
1 4
10 16
77 81
16 22
92 98
24 25
38 42
11 13
49 50
29 32
21 22
30 34
11 14
57 62
31 35
16 16
45 48
8 9
92 93
82 84
78 82
39 39
53 59
39 43
27 30
20 26
52 52
25 25
28 32
45 52
88 93
90 96
34 36
14 15
67 71
72 76
